3|5|320|320|terrain_atlas.png
0|0|352|384|terrain_atlas.png
0|0|384|384|terrain_atlas.png
0|0|384|416|terrain_atlas.png
0|0|384|448|terrain_atlas.png
0|0|352|448|terrain_atlas.png
0|0|352|416|terrain_atlas.png
0|0|320|352|terrain_atlas.png
0|0|352|320|terrain_atlas.png
0|0|384|320|terrain_atlas.png
0|0|416|320|terrain_atlas.png
0|0|416|352|terrain_atlas.png
0|0|352|320|A2.png
0|0|352|288|A2.png
0|0|384|320|A2.png
0|0|384|352|A2.png
0|0|384|384|A2.png
0|0|352|352|A2.png
0|0|320|288|A2.png
0|0|320|320|A2.png
0|0|352|384|A2.png
0|0|320|384|A2.png
0|0|288|352|A2.png
0|0|320|352|A2.png
0|0|384|416|A2.png
0|0|352|416|A2.png
0|0|320|416|A2.png
0|0|384|448|A2.png
0|0|416|416|A2.png
0|0|416|384|A2.png
0|0|416|352|A2.png
0|0|416|320|A2.png
0|0|416|448|A2.png
0|0|448|480|A2.png
0|0|352|448|A2.png
0|0|288|416|A2.png
0|0|480|320|A2.png
0|0|480|352|A2.png
0|0|448|384|A2.png
0|0|448|448|A2.png
0|0|288|320|A2.png
0|0|288|256|A2.png
0|0|320|256|A2.png
0|0|416|288|A2.png
0|0|448|288|A2.png
0|0|256|320|A2.png
0|0|192|256|A2.png
0|0|192|192|A2.png
0|0|256|192|A2.png
0|0|352|224|A2.png
0|0|384|288|A2.png
0|0|288|288|A2.png
0|0|224|192|A2.png
0|0|256|224|A2.png
0|0|224|352|A2.png
0|0|192|320|A2.png
0|0|224|288|A2.png
0|0|256|352|A2.png
0|0|192|384|A2.png
0|0|160|352|A2.png
0|0|128|256|A2.png
0|0|192|352|A2.png
0|0|192|288|A2.png
0|0|224|224|A2.png
0|0|256|256|A2.png
0|0|224|320|A2.png
0|0|224|256|A2.png
0|0|256|288|A2.png
0|0|160|256|A2.png
0|0|160|224|A2.png
0|0|192|224|A2.png
0|0|160|384|A2.png
0|0|224|416|A2.png
0|0|256|416|A2.png
0|0|256|384|A2.png
0|0|224|384|A2.png
0|0|288|384|A2.png
0|0|384|256|A2.png
0|0|352|256|A2.png
0|0|448|256|A2.png
0|0|448|224|A2.png
0|0|416|256|A2.png
0|0|160|192|A2.png
0|0|192|160|A2.png
0|0|224|160|A2.png
0|0|288|192|A2.png
0|0|320|224|A2.png
0|0|320|192|A2.png
0|0|352|192|A2.png
0|0|256|160|A2.png
0|0|288|160|A2.png
0|0|288|224|A2.png
0|0|448|416|A2.png
0|0|448|352|A2.png
0|0|448|320|A2.png
0|0|320|448|A2.png
0|0|288|448|A2.png
0|0|256|448|A2.png
0|0|224|448|A2.png
0|0|224|480|A2.png
0|0|256|512|A2.png
0|0|288|544|A2.png
0|0|320|544|A2.png
0|0|352|512|A2.png
0|0|384|480|A2.png
0|0|352|480|A2.png
0|0|320|480|A2.png
0|0|288|480|A2.png
0|0|416|480|A2.png
0|0|256|480|A2.png
0|0|320|512|A2.png
0|0|288|512|A2.png
0|0|256|544|A2.png
0|0|224|544|A2.png
0|0|192|544|A2.png
0|0|224|512|A2.png
0|0|160|480|A2.png
0|0|128|480|A2.png
0|0|192|512|A2.png
0|0|160|512|A2.png
0|0|96|512|A2.png
0|0|64|512|A2.png
0|0|160|448|A2.png
0|0|192|416|A2.png
0|0|192|480|A2.png
3|3|384|384|A2.png
3|3|416|448|A2.png
3|3|448|480|A2.png
3|3|448|512|A2.png
3|3|416|512|A2.png
3|3|384|512|A2.png
3|3|288|512|A2.png
3|3|256|512|A2.png
3|3|288|544|A2.png
3|3|352|544|A2.png
3|3|320|576|A2.png
3|3|288|576|A2.png
3|3|192|576|A2.png
3|3|160|576|A2.png
3|3|192|544|A2.png
3|3|224|544|A2.png
3|3|256|544|A2.png
3|3|224|576|A2.png
3|3|128|576|A2.png
3|3|96|544|A2.png
3|3|96|512|A2.png
3|3|128|512|A2.png
3|3|160|512|A2.png
3|3|160|544|A2.png
3|3|128|544|A2.png
3|3|128|480|A2.png
3|3|128|416|A2.png
3|3|160|416|A2.png
3|3|160|480|A2.png
3|3|192|416|A2.png
3|3|192|448|A2.png
3|3|192|480|A2.png
3|3|96|480|A2.png
3|3|96|448|A2.png
3|3|128|384|A2.png
3|3|96|576|A2.png
3|3|96|608|A2.png
3|3|64|576|A2.png
3|3|64|544|A2.png
3|3|64|480|A2.png
3|3|64|448|A2.png
3|3|64|416|A2.png
3|3|64|384|A2.png
3|3|64|352|A2.png
3|3|96|416|A2.png
3|3|96|384|A2.png
3|3|96|352|A2.png
3|3|128|448|A2.png
3|3|160|608|A2.png
3|3|192|608|A2.png
3|3|224|608|A2.png
3|3|256|608|A2.png
3|3|128|608|A2.png
3|3|64|608|A2.png
3|3|64|640|A2.png
3|3|96|640|A2.png
3|3|128|672|A2.png
3|3|160|672|A2.png
3|3|192|672|A2.png
3|3|192|640|A2.png
3|3|224|640|A2.png
3|3|160|640|A2.png
3|3|128|640|A2.png
3|3|96|672|A2.png
3|3|64|672|A2.png
3|3|32|672|A2.png
3|3|0|672|A2.png
3|3|0|640|A2.png
3|3|0|608|A2.png
3|3|0|576|A2.png
3|3|0|544|A2.png
3|3|0|512|A2.png
3|3|0|480|A2.png
3|3|0|448|A2.png
3|3|0|416|A2.png
3|3|0|384|A2.png
3|3|0|352|A2.png
3|3|0|320|A2.png
3|3|0|288|A2.png
3|3|0|256|A2.png
3|3|0|224|A2.png
3|3|0|192|A2.png
3|3|0|160|A2.png
3|3|0|128|A2.png
3|3|32|128|A2.png
3|3|32|96|A2.png
3|3|32|64|A2.png
3|3|32|32|A2.png
3|3|32|0|A2.png
3|3|0|0|A2.png
3|3|0|64|A2.png
3|3|0|96|A2.png
3|3|0|32|A2.png
3|3|64|0|A2.png
3|3|64|32|A2.png
3|3|64|64|A2.png
3|3|64|96|A2.png
3|3|64|128|A2.png
3|3|32|160|A2.png
3|3|32|192|A2.png
3|3|32|224|A2.png
3|3|32|256|A2.png
3|3|32|288|A2.png
3|3|32|320|A2.png
3|3|32|352|A2.png
3|3|32|384|A2.png
3|3|32|416|A2.png
3|3|32|448|A2.png
3|3|32|480|A2.png
3|3|32|512|A2.png
3|3|32|544|A2.png
3|3|32|576|A2.png
3|3|32|608|A2.png
3|3|32|640|A2.png
3|3|0|704|A2.png
3|3|32|704|A2.png
3|3|96|320|A2.png
3|3|96|256|A2.png
3|3|128|224|A2.png
3|3|128|288|A2.png
3|3|160|320|A2.png
3|3|128|352|A2.png
3|3|128|320|A2.png
3|3|96|288|A2.png
3|3|128|256|A2.png
3|3|160|288|A2.png
3|3|192|288|A2.png
3|3|64|320|A2.png
3|3|64|288|A2.png
3|3|64|256|A2.png
3|3|64|224|A2.png
3|3|64|192|A2.png
3|3|64|160|A2.png
3|3|96|160|A2.png
3|3|96|192|A2.png
3|3|96|224|A2.png
3|3|96|128|A2.png
3|3|96|96|A2.png
3|3|96|64|A2.png
3|3|96|32|A2.png
3|3|96|0|A2.png
3|3|128|64|A2.png
3|3|128|96|A2.png
3|3|128|160|A2.png
3|3|128|192|A2.png
3|3|160|64|A2.png
3|3|160|32|A2.png
3|3|128|0|A2.png
3|3|128|32|A2.png
3|3|160|192|A2.png
3|3|160|160|A2.png
3|3|128|128|A2.png
3|3|160|128|A2.png
3|3|192|64|A2.png
3|3|192|32|A2.png
3|3|160|0|A2.png
3|3|256|32|A2.png
3|3|288|32|A2.png
3|3|288|64|A2.png
3|3|224|0|A2.png
3|3|192|0|A2.png
3|3|256|0|A2.png
3|3|224|32|A2.png
3|3|160|96|A2.png
3|3|192|96|A2.png
3|3|224|96|A2.png
3|3|256|64|A2.png
3|3|256|96|A2.png
3|3|288|96|A2.png
3|3|224|64|A2.png
3|3|224|128|A2.png
3|3|192|128|A2.png
3|3|256|128|A2.png
3|3|288|128|A2.png
3|3|288|160|A2.png
3|3|320|160|A2.png
3|3|320|128|A2.png
3|3|320|96|A2.png
3|3|320|64|A2.png
3|3|320|32|A2.png
3|3|288|0|A2.png
3|3|320|0|A2.png
3|3|352|0|A2.png
3|3|384|0|A2.png
3|3|384|32|A2.png
3|3|352|32|A2.png
3|3|352|64|A2.png
3|3|352|96|A2.png
3|3|384|96|A2.png
3|3|384|64|A2.png
3|3|352|128|A2.png
3|3|352|160|A2.png
3|3|384|128|A2.png
3|3|384|160|A2.png
3|3|384|192|A2.png
3|3|384|224|A2.png
3|3|416|224|A2.png
3|3|416|192|A2.png
3|3|416|256|A2.png
3|3|416|288|A2.png
3|3|448|384|A2.png
3|3|448|416|A2.png
3|3|384|480|A2.png
3|3|352|480|A2.png
3|3|352|512|A2.png
3|3|320|544|A2.png
3|3|256|576|A2.png
3|3|256|640|A2.png
3|3|256|672|A2.png
3|3|224|672|A2.png
3|3|288|672|A2.png
3|3|288|640|A2.png
3|3|320|640|A2.png
3|3|352|608|A2.png
3|3|352|576|A2.png
3|3|288|608|A2.png
3|3|320|608|A2.png
3|3|384|576|A2.png
3|3|384|544|A2.png
3|3|384|608|A2.png
3|3|384|640|A2.png
3|3|352|640|A2.png
3|3|320|672|A2.png
3|3|352|672|A2.png
3|3|384|672|A2.png
3|3|416|608|A2.png
3|3|416|576|A2.png
3|3|416|544|A2.png
3|3|416|640|A2.png
3|3|416|672|A2.png
3|3|448|640|A2.png
3|3|448|608|A2.png
3|3|448|576|A2.png
3|3|448|544|A2.png
3|3|448|672|A2.png
3|3|480|672|A2.png
3|3|512|672|A2.png
3|3|544|672|A2.png
3|3|576|672|A2.png
3|3|608|672|A2.png
3|3|640|672|A2.png
3|3|672|672|A2.png
3|3|704|672|A2.png
3|3|704|640|A2.png
3|3|672|608|A2.png
3|3|640|640|A2.png
3|3|608|640|A2.png
3|3|544|640|A2.png
3|3|512|640|A2.png
3|3|576|640|A2.png
3|3|672|640|A2.png
3|3|480|608|A2.png
3|3|544|576|A2.png
3|3|576|608|A2.png
3|3|480|640|A2.png
3|3|512|608|A2.png
3|3|544|608|A2.png
3|3|608|608|A2.png
3|3|640|608|A2.png
3|3|704|608|A2.png
3|3|672|576|A2.png
3|3|640|576|A2.png
3|3|640|544|A2.png
3|3|608|544|A2.png
3|3|576|576|A2.png
3|3|512|576|A2.png
3|3|480|576|A2.png
3|3|608|576|A2.png
3|3|544|544|A2.png
3|3|512|544|A2.png
3|3|576|544|A2.png
3|3|672|544|A2.png
3|3|512|512|A2.png
3|3|640|512|A2.png
3|3|704|512|A2.png
3|3|672|512|A2.png
3|3|544|512|A2.png
3|3|480|512|A2.png
3|3|480|544|A2.png
3|3|608|512|A2.png
3|3|576|512|A2.png
3|3|576|480|A2.png
3|3|544|480|A2.png
3|3|608|480|A2.png
3|3|640|480|A2.png
3|3|672|480|A2.png
3|3|480|480|A2.png
3|3|448|448|A2.png
3|3|480|448|A2.png
3|3|544|448|A2.png
3|3|576|448|A2.png
3|3|608|448|A2.png
3|3|640|448|A2.png
3|3|512|384|A2.png
3|3|480|416|A2.png
3|3|480|384|A2.png
3|3|480|352|A2.png
3|3|512|352|A2.png
3|3|512|480|A2.png
3|3|512|416|A2.png
3|3|512|448|A2.png
3|3|576|384|A2.png
3|3|576|352|A2.png
3|3|544|384|A2.png
3|3|544|416|A2.png
3|3|544|352|A2.png
3|3|608|416|A2.png
3|3|640|416|A2.png
3|3|576|416|A2.png
3|3|608|384|A2.png
3|3|640|352|A2.png
3|3|640|384|A2.png
3|3|672|448|A2.png
3|3|672|416|A2.png
3|3|672|384|A2.png
3|3|672|352|A2.png
3|3|672|320|A2.png
3|3|672|288|A2.png
3|3|672|256|A2.png
3|3|672|224|A2.png
3|3|704|192|A2.png
3|3|704|160|A2.png
3|3|704|128|A2.png
3|3|704|96|A2.png
3|3|672|32|A2.png
3|3|672|0|A2.png
3|3|672|96|A2.png
3|3|672|128|A2.png
3|3|672|160|A2.png
3|3|672|192|A2.png
3|3|672|64|A2.png
3|3|640|64|A2.png
3|3|576|0|A2.png
3|3|544|0|A2.png
3|3|512|0|A2.png
3|3|480|0|A2.png
3|3|448|0|A2.png
3|3|416|0|A2.png
3|3|736|0|A2.png
3|3|704|0|A2.png
3|3|608|0|A2.png
3|3|640|0|A2.png
3|3|576|32|A2.png
3|3|544|32|A2.png
3|3|512|32|A2.png
3|3|480|32|A2.png
3|3|448|32|A2.png
3|3|416|32|A2.png
3|3|608|32|A2.png
3|3|640|32|A2.png
3|3|544|64|A2.png
3|3|576|64|A2.png
3|3|512|64|A2.png
3|3|480|96|A2.png
3|3|448|64|A2.png
3|3|416|64|A2.png
3|3|480|64|A2.png
3|3|640|96|A2.png
3|3|608|96|A2.png
3|3|576|96|A2.png
3|3|608|64|A2.png
3|3|544|96|A2.png
3|3|448|96|A2.png
3|3|416|96|A2.png
3|3|544|128|A2.png
3|3|480|128|A2.png
3|3|416|128|A2.png
3|3|512|128|A2.png
3|3|512|96|A2.png
3|3|448|128|A2.png
3|3|512|160|A2.png
3|3|480|160|A2.png
3|3|416|160|A2.png
3|3|576|160|A2.png
3|3|544|160|A2.png
3|3|448|160|A2.png
3|3|576|128|A2.png
3|3|608|128|A2.png
3|3|608|160|A2.png
3|3|640|128|A2.png
3|3|640|192|A2.png
3|3|608|192|A2.png
3|3|608|224|A2.png
3|3|640|160|A2.png
3|3|640|224|A2.png
3|3|640|288|A2.png
3|3|640|320|A2.png
3|3|640|256|A2.png
3|3|608|352|A2.png
3|3|608|320|A2.png
3|3|608|288|A2.png
3|3|608|256|A2.png
3|3|576|320|A2.png
3|3|544|320|A2.png
3|3|544|288|A2.png
3|3|512|320|A2.png
3|3|480|320|A2.png
3|3|512|288|A2.png
3|3|576|288|A2.png
3|3|480|288|A2.png
3|3|544|256|A2.png
3|3|480|256|A2.png
3|3|512|256|A2.png
3|3|576|256|A2.png
3|3|512|224|A2.png
3|3|544|224|A2.png
3|3|576|224|A2.png
3|3|448|224|A2.png
3|3|448|192|A2.png
3|3|512|192|A2.png
3|3|544|192|A2.png
3|3|480|192|A2.png
3|3|480|224|A2.png
3|3|576|192|A2.png
5|3|672|0|A2.png
5|3|672|32|A2.png
5|3|672|64|A2.png
5|3|672|96|A2.png
5|3|672|128|A2.png
5|3|672|160|A2.png
5|3|672|192|A2.png
5|3|672|224|A2.png
5|3|672|256|A2.png
5|3|672|288|A2.png
5|3|672|320|A2.png
5|3|672|352|A2.png
5|3|672|384|A2.png
5|3|672|416|A2.png
5|3|672|448|A2.png
5|3|672|480|A2.png
5|3|672|512|A2.png
5|3|672|544|A2.png
5|3|672|576|A2.png
5|3|672|608|A2.png
5|3|672|640|A2.png
5|3|672|672|A2.png
5|3|640|672|A2.png
5|3|608|672|A2.png
5|3|576|672|A2.png
5|3|544|672|A2.png
5|3|512|672|A2.png
5|3|480|672|A2.png
5|3|448|672|A2.png
5|3|416|672|A2.png
5|3|384|672|A2.png
5|3|0|672|A2.png
5|3|32|672|A2.png
5|3|64|672|A2.png
5|3|96|672|A2.png
5|3|128|672|A2.png
5|3|160|672|A2.png
5|3|192|672|A2.png
5|3|224|672|A2.png
5|3|256|672|A2.png
5|3|288|672|A2.png
5|3|320|672|A2.png
5|3|352|672|A2.png
5|3|0|0|A2.png
5|3|0|32|A2.png
5|3|0|64|A2.png
5|3|0|96|A2.png
5|3|0|160|A2.png
5|3|0|192|A2.png
5|3|0|128|A2.png
5|3|0|256|A2.png
5|3|0|288|A2.png
5|3|0|320|A2.png
5|3|0|352|A2.png
5|3|0|224|A2.png
5|3|0|384|A2.png
5|3|0|416|A2.png
5|3|0|448|A2.png
5|3|0|480|A2.png
5|3|0|512|A2.png
5|3|0|544|A2.png
5|3|0|576|A2.png
5|3|0|608|A2.png
5|3|0|640|A2.png
5|3|32|0|A2.png
5|3|64|0|A2.png
5|3|96|0|A2.png
5|3|128|0|A2.png
5|3|160|0|A2.png
5|3|192|0|A2.png
5|3|224|0|A2.png
5|3|256|0|A2.png
5|3|288|0|A2.png
5|3|320|0|A2.png
5|3|352|0|A2.png
5|3|384|0|A2.png
5|3|416|0|A2.png
5|3|448|0|A2.png
5|3|480|0|A2.png
5|3|512|0|A2.png
5|3|544|0|A2.png
5|3|576|0|A2.png
5|3|608|0|A2.png
5|3|640|0|A2.png
2|12|224|288|A2.png
2|12|416|320|A2.png
2|12|416|288|A2.png
3|11|448|256|A2.png
3|11|288|128|A2.png
3|11|224|224|A2.png
3|11|224|256|A2.png
3|11|256|256|A2.png
3|11|288|224|A2.png
3|11|288|160|A2.png
3|11|256|128|A2.png
3|11|256|160|A2.png
2|11|320|224|A2.png
2|11|320|192|A2.png
2|11|352|192|A2.png
2|11|384|160|A2.png
2|11|256|160|A2.png
2|11|224|192|A2.png
2|11|256|224|A2.png
2|11|256|192|A2.png
2|11|288|192|A2.png
2|11|288|224|A2.png
2|11|224|288|A2.png
2|11|224|320|A2.png
2|11|224|352|A2.png
2|11|224|384|A2.png
2|11|224|416|A2.png
2|11|192|352|A2.png
2|11|192|288|A2.png
2|11|192|224|A2.png
2|11|224|224|A2.png
2|11|384|256|A2.png
2|11|416|256|A2.png
2|11|384|288|A2.png
2|11|320|320|A2.png
2|11|192|256|A2.png
2|11|288|256|A2.png
2|11|352|256|A2.png
2|11|256|320|A2.png
2|11|256|288|A2.png
2|11|288|288|A2.png
2|11|416|384|A2.png
2|11|448|448|A2.png
2|11|448|480|A2.png
2|11|448|512|A2.png
2|11|416|512|A2.png
2|11|384|512|A2.png
2|11|352|512|A2.png
2|11|352|480|A2.png
2|11|320|480|A2.png
2|11|288|512|A2.png
2|11|288|544|A2.png
2|11|288|576|A2.png
2|11|576|608|A2.png
2|11|608|576|A2.png
2|11|640|512|A2.png
2|11|672|512|A2.png
2|11|640|480|A2.png
2|11|512|448|A2.png
2|11|480|480|A2.png
2|11|512|640|A2.png
2|11|480|672|A2.png
2|11|384|608|A2.png
2|11|352|608|A2.png
2|11|320|576|A2.png
2|11|256|544|A2.png
2|11|192|544|A2.png
2|11|160|576|A2.png
2|11|160|512|A2.png
2|11|160|416|A2.png
2|11|160|384|A2.png
2|11|160|352|A2.png
2|11|128|320|A2.png
2|11|96|320|A2.png
2|11|64|320|A2.png
2|11|96|288|A2.png
2|11|96|256|A2.png
2|11|96|224|A2.png
2|11|96|192|A2.png
2|11|128|128|A2.png
2|11|128|96|A2.png
2|11|128|64|A2.png
2|11|96|64|A2.png
2|11|64|64|A2.png
2|11|64|96|A2.png
2|11|320|128|A2.png
2|11|352|128|A2.png
2|11|384|96|A2.png
2|11|416|96|A2.png
2|11|448|96|A2.png
2|11|512|96|A2.png
2|11|544|96|A2.png
2|11|576|128|A2.png
2|11|576|192|A2.png
2|11|544|224|A2.png
2|11|544|256|A2.png
2|11|512|320|A2.png
2|11|480|352|A2.png
2|11|448|384|A2.png
2|11|320|416|A2.png
2|11|256|416|A2.png
2|11|192|416|A2.png
2|11|160|448|A2.png
2|11|128|448|A2.png
2|11|128|480|A2.png
2|11|128|512|A2.png
2|11|128|544|A2.png
2|11|96|544|A2.png
2|11|96|512|A2.png
2|11|64|480|A2.png
2|11|96|480|A2.png
5|0|672|512|A2.png
5|0|480|672|A2.png
1|3|32|512|A2.png
1|3|32|544|A2.png
1|3|32|576|A2.png
1|3|32|608|A2.png
1|3|32|640|A2.png
1|3|64|640|A2.png
1|3|96|640|A2.png
1|3|128|640|A2.png
1|3|160|640|A2.png
1|3|192|640|A2.png
1|3|224|640|A2.png
1|3|256|640|A2.png
1|3|288|640|A2.png
1|3|320|640|A2.png
1|3|352|640|A2.png
1|3|384|640|A2.png
1|3|416|640|A2.png
1|3|448|640|A2.png
1|3|480|640|A2.png
1|3|512|640|A2.png
1|3|544|640|A2.png
1|3|576|640|A2.png
1|3|608|640|A2.png
1|3|640|640|A2.png
1|3|640|608|A2.png
1|3|640|576|A2.png
1|3|32|480|A2.png
1|3|32|448|A2.png
1|3|32|416|A2.png
1|3|32|384|A2.png
1|3|64|384|A2.png
1|3|64|352|A2.png
1|3|32|352|A2.png
1|3|32|320|A2.png
1|3|32|288|A2.png
1|3|32|256|A2.png
1|3|32|224|A2.png
1|3|32|192|A2.png
1|3|32|160|A2.png
1|3|32|128|A2.png
1|3|32|96|A2.png
1|3|32|64|A2.png
1|3|32|32|A2.png
1|3|64|32|A2.png
1|3|96|32|A2.png
1|3|128|32|A2.png
1|3|160|32|A2.png
1|3|192|32|A2.png
1|3|224|32|A2.png
1|3|256|32|A2.png
1|3|288|32|A2.png
1|3|320|32|A2.png
1|3|352|32|A2.png
1|3|384|32|A2.png
1|3|416|32|A2.png
1|3|448|32|A2.png
1|3|480|32|A2.png
1|3|512|32|A2.png
1|3|544|32|A2.png
1|3|576|32|A2.png
1|3|608|32|A2.png
1|3|640|32|A2.png
1|3|640|64|A2.png
1|3|640|96|A2.png
1|3|640|128|A2.png
1|3|640|160|A2.png
1|3|640|192|A2.png
1|3|640|224|A2.png
1|3|640|256|A2.png
1|3|640|288|A2.png
1|3|640|320|A2.png
1|3|640|352|A2.png
1|3|640|384|A2.png
1|3|640|416|A2.png
1|3|640|448|A2.png
1|3|640|480|A2.png
1|3|640|512|A2.png
1|3|640|544|A2.png
0|0|64|352|A2.png
0|0|64|384|A2.png
1|11|608|608|A2.png
0|10|64|64|A2.png
1|10|608|64|A2.png
1|2|96|608|B.png
1|2|448|384|B.png
1|2|224|256|B.png
1|2|224|288|B.png
1|2|384|160|B.png
1|2|416|160|B.png
1|2|512|160|B.png
1|2|544|224|B.png
1|2|160|128|B.png
1|2|224|128|B.png
1|2|192|128|B.png
0|2|576|512|B.png
0|2|544|544|B.png
0|2|544|512|B.png
0|2|512|512|B.png
0|2|512|480|B.png
0|2|384|480|B.png
0|2|352|448|B.png
0|2|352|416|B.png
0|2|320|448|B.png
0|2|288|448|B.png
0|2|224|480|B.png
0|2|224|512|B.png
0|2|256|512|B.png
0|2|256|480|B.png
0|2|224|448|B.png
0|2|256|448|B.png
0|2|320|416|B.png
0|2|320|352|B.png
0|2|320|320|B.png
0|2|416|288|B.png
0|2|384|288|B.png
0|2|416|320|B.png
0|2|448|352|B.png
0|2|480|320|B.png
0|2|480|288|B.png
0|2|480|256|B.png
0|2|480|224|B.png
0|2|448|192|B.png
0|2|480|160|B.png
0|2|320|192|B.png
0|2|288|192|B.png
0|2|256|192|B.png
0|2|224|192|B.png
0|2|192|160|B.png
0|2|192|192|B.png
0|2|160|224|B.png
0|2|160|192|B.png
0|2|160|160|B.png
0|2|160|128|B.png
0|2|128|160|B.png
0|2|128|192|B.png
0|2|128|224|B.png
0|2|128|256|B.png
0|2|96|288|B.png
0|2|128|320|B.png
0|2|128|352|B.png
0|2|160|352|B.png
0|2|576|384|B.png
0|2|576|416|B.png
0|2|576|448|B.png
0|2|608|416|B.png
0|2|608|384|B.png
0|2|544|416|B.png
0|2|544|384|B.png
0|2|480|480|B.png
0|2|384|608|B.png
0|2|352|608|B.png
0|2|352|576|B.png
0|2|288|576|B.png
0|2|256|608|B.png
0|2|224|608|B.png
0|2|224|576|B.png
0|2|192|576|B.png
0|2|96|512|B.png
0|2|96|480|B.png
0|2|96|448|B.png
0|2|96|416|B.png
0|2|64|384|B.png
0|2|96|384|B.png
0|2|544|96|B.png
0|2|576|96|B.png
0|2|608|96|B.png
0|2|576|64|B.png
0|2|544|64|B.png
0|2|512|64|B.png
0|2|480|64|B.png
0|2|384|96|B.png
0|2|384|128|B.png
0|2|352|96|B.png
0|2|320|96|B.png
0|2|288|96|B.png
